1.
Pg. 32
    2.10, 2.11, 2.14, 2.18
2.
Pg. 39
    2.28, 2.33, 2.34
3.
Pg 48-51
    2.35 - 2.43 Odd, 2.51, 2.54, 2.61, 2.57, 2.58, 2.59, 2.64, 2.65
4.
Pg 54
    2.71, 2.72, 2.73, 2.75, 2.76, 2.77
5.
Pg 60
    2.92, 2.94, 2.95, 2.96, 2.101, 2.102
6.
Pg 73-75
    2.124, 2.125, 2.129, 2.130, 2.133
    Check out 2.138
7.
Pg 119
    3.67, 3.68, 3.70, 3.73, 3.74, 3.75, 3.78, 3.81, 3.82
    Check out 3.72, 3.80
8.
Pg 123
    3.90, 3.91, 3.92, 3.93, 3.94, 3.95, 3.96, 3.97
9.
Pg 136
    3.121, 3.122, 3.126, 3.127, 3.128, 3.131, 3.132
10.
Pg 147
    3.168, 3.170, 3.171, 3.173, 3.174, 3.177, 3.178
